datetime,datetime_nano,DCE.jm1711.open,DCE.jm1711.high,DCE.jm1711.low,DCE.jm1711.close,DCE.jm1711.volume,DCE.jm1711.open_oi,DCE.jm1711.close_oi
2016-11-23 13:00:00.000000000,1479877200000000000,1214.0,1214.0,1214.0,1214.0,1,0,1
2016-11-23 14:00:00.000000000,1479880800000000000,1214.0,1214.0,1214.0,1214.0,0,1,1
2016-11-23 21:00:00.000000000,1479906000000000000,1220.0,1220.0,1220.0,1220.0,1,1,0
2016-11-23 22:00:00.000000000,1479909600000000000,1220.0,1225.0,1220.0,1225.0,1,0,1
2016-11-23 23:00:00.000000000,1479913200000000000,1225.0,1225.0,1225.0,1225.0,0,1,1
2016-11-24 09:00:00.000000000,1479949200000000000,1225.0,1225.0,1225.0,1225.0,0,1,1
2016-11-24 10:00:00.000000000,1479952800000000000,1225.0,1225.0,1225.0,1225.0,0,1,1
2016-11-24 11:00:00.000000000,1479956400000000000,1225.0,1225.0,1225.0,1225.0,0,1,1
2016-11-24 13:00:00.000000000,1479963600000000000,1225.0,1225.0,1225.0,1225.0,0,1,1
2016-11-24 14:00:00.000000000,1479967200000000000,1225.0,1322.5,1225.0,1322.5,1,1,2
2016-11-28 21:00:00.000000000,1480338000000000000,1322.5,1322.5,1322.5,1322.5,0,2,2
2016-11-28 22:00:00.000000000,1480341600000000000,1322.5,1322.5,1322.5,1322.5,0,2,2
2016-11-28 23:00:00.000000000,1480345200000000000,1322.5,1322.5,1322.5,1322.5,0,2,2
2016-11-29 09:00:00.000000000,1480381200000000000,1322.5,1322.5,1322.5,1322.5,0,2,2
2016-11-29 10:00:00.000000000,1480384800000000000,1322.5,1322.5,1322.5,1322.5,0,2,2
2016-11-29 11:00:00.000000000,1480388400000000000,1322.5,1322.5,1322.5,1322.5,0,2,2
2016-11-29 13:00:00.000000000,1480395600000000000,1298.0,1298.0,1298.0,1298.0,1,2,2
2016-11-29 14:00:00.000000000,1480399200000000000,1298.0,1298.5,1298.0,1298.5,1,2,2
2016-11-29 21:00:00.000000000,1480424400000000000,1298.5,1298.5,1298.5,1298.5,0,2,2
2016-11-29 22:00:00.000000000,1480428000000000000,1298.5,1298.5,1298.5,1298.5,0,2,2
2016-11-29 23:00:00.000000000,1480431600000000000,1298.5,1298.5,1298.5,1298.5,0,2,2
2016-11-30 09:00:00.000000000,1480467600000000000,1298.5,1298.5,1298.5,1298.5,0,2,2
2016-11-30 10:00:00.000000000,1480471200000000000,1298.5,1298.5,1298.5,1298.5,0,2,2
2016-11-30 11:00:00.000000000,1480474800000000000,1298.5,1298.5,1298.5,1298.5,0,2,2
2016-11-30 13:00:00.000000000,1480482000000000000,1298.5,1298.5,1298.5,1298.5,0,2,2
2016-11-30 14:00:00.000000000,1480485600000000000,1229.0,1229.0,1197.5,1197.5,4,2,2
2016-12-09 21:00:00.000000000,1481288400000000000,1197.5,1197.5,1197.5,1197.5,0,2,2
2016-12-09 22:00:00.000000000,1481292000000000000,1197.5,1197.5,1197.5,1197.5,0,2,2
2016-12-09 23:00:00.000000000,1481295600000000000,1197.5,1197.5,1197.5,1197.5,0,2,2
2016-12-12 09:00:00.000000000,1481504400000000000,1258.5,1258.5,1204.0,1204.0,2,2,2
2016-12-12 10:00:00.000000000,1481508000000000000,1204.0,1204.0,1204.0,1204.0,0,2,2
2016-12-12 11:00:00.000000000,1481511600000000000,1204.0,1204.0,1204.0,1204.0,0,2,2
2016-12-12 13:00:00.000000000,1481518800000000000,1204.0,1204.0,1204.0,1204.0,0,2,2
2016-12-12 14:00:00.000000000,1481522400000000000,1204.0,1204.0,1204.0,1204.0,0,2,2
2017-01-09 21:00:00.000000000,1483966800000000000,1204.0,1204.0,1204.0,1204.0,0,2,2
2017-01-09 22:00:00.000000000,1483970400000000000,1204.0,1204.0,1204.0,1204.0,0,2,2
2017-01-09 23:00:00.000000000,1483974000000000000,1204.0,1204.0,1204.0,1204.0,0,2,2
2017-01-10 09:00:00.000000000,1484010000000000000,1204.0,1204.0,1204.0,1204.0,0,2,2
2017-01-10 10:00:00.000000000,1484013600000000000,1204.0,1204.0,1204.0,1204.0,0,2,2
2017-01-10 11:00:00.000000000,1484017200000000000,1204.0,1204.0,1204.0,1204.0,0,2,2
2017-01-10 13:00:00.000000000,1484024400000000000,1204.0,1204.0,1204.0,1204.0,0,2,2
2017-01-10 14:00:00.000000000,1484028000000000000,1154.0,1154.0,1154.0,1154.0,1,2,2
2017-01-19 21:00:00.000000000,1484830800000000000,1154.0,1154.0,1154.0,1154.0,0,2,2
2017-01-19 22:00:00.000000000,1484834400000000000,1154.0,1154.0,1154.0,1154.0,0,2,2
2017-01-19 23:00:00.000000000,1484838000000000000,1154.0,1154.0,1154.0,1154.0,0,2,2
2017-01-20 09:00:00.000000000,1484874000000000000,1154.0,1154.0,1154.0,1154.0,0,2,2
2017-01-20 10:00:00.000000000,1484877600000000000,1154.0,1154.0,1154.0,1154.0,0,2,2
2017-01-20 11:00:00.000000000,1484881200000000000,1154.0,1154.0,1154.0,1154.0,0,2,2
2017-01-20 13:00:00.000000000,1484888400000000000,1154.0,1154.0,1154.0,1154.0,0,2,2
2017-01-20 14:00:00.000000000,1484892000000000000,1107.5,1107.5,1107.5,1107.5,1,2,2
2017-02-13 21:00:00.000000000,1486990800000000000,1135.5,1135.5,1135.5,1135.5,1,2,3
2017-02-13 22:00:00.000000000,1486994400000000000,1135.5,1135.5,1135.5,1135.5,0,3,3
2017-02-13 23:00:00.000000000,1486998000000000000,1135.5,1135.5,1135.5,1135.5,0,3,3
2017-02-14 09:00:00.000000000,1487034000000000000,1135.5,1198.0,1135.5,1198.0,1,3,4
2017-02-14 10:00:00.000000000,1487037600000000000,1198.0,1198.0,1146.5,1146.5,1,4,4
2017-02-14 11:00:00.000000000,1487041200000000000,1146.5,1146.5,1146.5,1146.5,0,4,4
2017-02-14 13:00:00.000000000,1487048400000000000,1146.5,1146.5,1146.5,1146.5,0,4,4
2017-02-14 14:00:00.000000000,1487052000000000000,1146.5,1146.5,1146.5,1146.5,0,4,4
2017-02-22 21:00:00.000000000,1487768400000000000,1146.5,1146.5,1146.5,1146.5,0,4,4
2017-02-22 22:00:00.000000000,1487772000000000000,1146.5,1146.5,1146.5,1146.5,0,4,4
2017-02-22 23:00:00.000000000,1487775600000000000,1146.5,1146.5,1146.5,1146.5,0,4,4
2017-02-23 09:00:00.000000000,1487811600000000000,1146.5,1146.5,1146.5,1146.5,0,4,4
2017-02-23 10:00:00.000000000,1487815200000000000,1146.5,1146.5,1146.5,1146.5,0,4,4
2017-02-23 11:00:00.000000000,1487818800000000000,1146.5,1146.5,1146.5,1146.5,0,4,4
2017-02-23 13:00:00.000000000,1487826000000000000,1141.0,1141.0,1141.0,1141.0,1,4,4
2017-02-23 14:00:00.000000000,1487829600000000000,1141.0,1141.0,1141.0,1141.0,0,4,4
2017-02-27 21:00:00.000000000,1488200400000000000,1215.0,1215.0,1215.0,1215.0,1,4,4
2017-02-27 22:00:00.000000000,1488204000000000000,1215.0,1215.0,1215.0,1215.0,0,4,4
2017-02-27 23:00:00.000000000,1488207600000000000,1215.0,1215.0,1215.0,1215.0,0,4,4
2017-02-28 09:00:00.000000000,1488243600000000000,1215.0,1215.0,1215.0,1215.0,0,4,4
2017-02-28 10:00:00.000000000,1488247200000000000,1215.0,1215.0,1215.0,1215.0,0,4,4
2017-02-28 11:00:00.000000000,1488250800000000000,1215.0,1215.0,1215.0,1215.0,0,4,4
2017-02-28 13:00:00.000000000,1488258000000000000,1215.0,1215.0,1215.0,1215.0,0,4,4
2017-02-28 14:00:00.000000000,1488261600000000000,1215.0,1215.0,1215.0,1215.0,0,4,4
2017-03-22 21:00:00.000000000,1490187600000000000,1207.0,1207.0,1207.0,1207.0,1,4,5
2017-03-22 22:00:00.000000000,1490191200000000000,1207.0,1207.0,1207.0,1207.0,0,5,5
2017-03-22 23:00:00.000000000,1490194800000000000,1207.0,1207.0,1207.0,1207.0,0,5,5
2017-03-23 09:00:00.000000000,1490230800000000000,1207.0,1207.0,1159.5,1159.5,10,5,15
2017-03-23 10:00:00.000000000,1490234400000000000,1159.5,1159.5,1159.5,1159.5,0,15,15
2017-03-23 11:00:00.000000000,1490238000000000000,1159.5,1159.5,1159.5,1159.5,0,15,15
2017-03-23 13:00:00.000000000,1490245200000000000,1159.5,1159.5,1159.5,1159.5,0,15,15
2017-03-23 14:00:00.000000000,1490248800000000000,1159.5,1161.0,1095.0,1095.0,8,15,21
2017-03-24 21:00:00.000000000,1490360400000000000,1095.0,1095.0,1095.0,1095.0,0,21,21
2017-03-24 22:00:00.000000000,1490364000000000000,1095.0,1095.0,1095.0,1095.0,0,21,21
2017-03-24 23:00:00.000000000,1490367600000000000,1095.0,1095.0,1095.0,1095.0,0,21,21
2017-03-27 09:00:00.000000000,1490576400000000000,1095.0,1095.0,1095.0,1095.0,0,21,21
2017-03-27 10:00:00.000000000,1490580000000000000,1142.5,1142.5,1142.5,1142.5,2,21,23
2017-03-27 11:00:00.000000000,1490583600000000000,1142.5,1142.5,1142.5,1142.5,0,23,23
2017-03-27 13:00:00.000000000,1490590800000000000,1142.5,1142.5,1142.5,1142.5,0,23,23
2017-03-27 14:00:00.000000000,1490594400000000000,1142.5,1142.5,1100.5,1100.5,7,23,28
2017-03-27 21:00:00.000000000,1490619600000000000,1100.5,1100.5,1100.5,1100.5,0,28,28
2017-03-27 22:00:00.000000000,1490623200000000000,1114.5,1169.0,1092.5,1111.0,33,28,12
2017-03-27 23:00:00.000000000,1490626800000000000,1111.0,1111.0,1111.0,1111.0,0,12,12
2017-03-28 09:00:00.000000000,1490662800000000000,1111.0,1156.5,1111.0,1147.0,5,12,8
2017-03-28 10:00:00.000000000,1490666400000000000,1147.0,1147.0,1147.0,1147.0,0,8,8
2017-03-28 11:00:00.000000000,1490670000000000000,1147.0,1147.0,1147.0,1147.0,0,8,8
2017-03-28 13:00:00.000000000,1490677200000000000,1147.0,1147.0,1147.0,1147.0,0,8,8
2017-03-28 14:00:00.000000000,1490680800000000000,1147.0,1147.0,1147.0,1147.0,0,8,8
2017-03-29 21:00:00.000000000,1490792400000000000,1179.0,1179.0,1179.0,1179.0,1,8,7
2017-03-29 22:00:00.000000000,1490796000000000000,1179.0,1179.0,1179.0,1179.0,0,7,7
2017-03-29 23:00:00.000000000,1490799600000000000,1179.0,1179.0,1179.0,1179.0,0,7,7
2017-03-30 09:00:00.000000000,1490835600000000000,1179.0,1179.0,1179.0,1179.0,0,7,7
2017-03-30 10:00:00.000000000,1490839200000000000,1179.0,1179.0,1179.0,1179.0,0,7,7
2017-03-30 11:00:00.000000000,1490842800000000000,1179.0,1179.0,1179.0,1179.0,0,7,7
2017-03-30 13:00:00.000000000,1490850000000000000,1179.0,1179.0,1179.0,1179.0,0,7,7
2017-03-30 14:00:00.000000000,1490853600000000000,1179.0,1179.0,1179.0,1179.0,0,7,7
2017-03-30 21:00:00.000000000,1490878800000000000,1179.0,1179.0,1179.0,1179.0,0,7,7
2017-03-30 22:00:00.000000000,1490882400000000000,1179.0,1179.0,1179.0,1179.0,0,7,7
2017-03-30 23:00:00.000000000,1490886000000000000,1179.0,1179.0,1179.0,1179.0,0,7,7
2017-03-31 09:00:00.000000000,1490922000000000000,1199.5,1199.5,1199.5,1199.5,1,7,6
2017-03-31 10:00:00.000000000,1490925600000000000,1199.5,1199.5,1199.5,1199.5,0,6,6
2017-03-31 11:00:00.000000000,1490929200000000000,1199.5,1199.5,1199.5,1199.5,0,6,6
2017-03-31 13:00:00.000000000,1490936400000000000,1199.5,1199.5,1199.5,1199.5,0,6,6
2017-03-31 14:00:00.000000000,1490940000000000000,1199.5,1199.5,1199.5,1199.5,0,6,6
2017-04-05 09:00:00.000000000,1491354000000000000,1264.0,1264.0,1264.0,1264.0,1,6,6
2017-04-05 10:00:00.000000000,1491357600000000000,1264.0,1264.0,1264.0,1264.0,0,6,6
2017-04-05 11:00:00.000000000,1491361200000000000,1264.0,1264.0,1264.0,1264.0,0,6,6
2017-04-05 13:00:00.000000000,1491368400000000000,1264.0,1264.0,1264.0,1264.0,0,6,6
2017-04-05 14:00:00.000000000,1491372000000000000,1264.0,1264.0,1264.0,1264.0,0,6,6
2017-04-06 21:00:00.000000000,1491483600000000000,1300.0,1300.0,1295.0,1295.0,4,6,2
2017-04-06 22:00:00.000000000,1491487200000000000,1295.0,1295.0,1295.0,1295.0,0,2,2
2017-04-06 23:00:00.000000000,1491490800000000000,1295.0,1295.0,1295.0,1295.0,0,2,2
2017-04-07 09:00:00.000000000,1491526800000000000,1295.0,1295.0,1295.0,1295.0,0,2,2
2017-04-07 10:00:00.000000000,1491530400000000000,1295.0,1295.0,1295.0,1295.0,0,2,2
2017-04-07 11:00:00.000000000,1491534000000000000,1295.0,1295.0,1295.0,1295.0,0,2,2
2017-04-07 13:00:00.000000000,1491541200000000000,1295.0,1295.0,1295.0,1295.0,0,2,2
2017-04-07 14:00:00.000000000,1491544800000000000,1295.0,1295.0,1295.0,1295.0,0,2,2
2017-04-11 21:00:00.000000000,1491915600000000000,1295.0,1295.0,1295.0,1295.0,0,2,2
2017-04-11 22:00:00.000000000,1491919200000000000,1295.0,1295.0,1295.0,1295.0,0,2,2
2017-04-11 23:00:00.000000000,1491922800000000000,1295.0,1295.0,1295.0,1295.0,0,2,2
2017-04-12 09:00:00.000000000,1491958800000000000,1175.0,1175.0,1175.0,1175.0,1,2,1
2017-04-12 10:00:00.000000000,1491962400000000000,1175.0,1175.0,1175.0,1175.0,0,1,1
2017-04-12 11:00:00.000000000,1491966000000000000,1175.0,1175.0,1175.0,1175.0,0,1,1
2017-04-12 13:00:00.000000000,1491973200000000000,1175.0,1175.0,1175.0,1175.0,0,1,1
2017-04-12 14:00:00.000000000,1491976800000000000,1175.0,1175.0,1130.0,1130.0,1,1,2
2017-04-12 21:00:00.000000000,1492002000000000000,1130.0,1130.0,1130.0,1130.0,0,2,2
2017-04-12 22:00:00.000000000,1492005600000000000,1147.5,1147.5,1147.5,1147.5,1,2,1
2017-04-12 23:00:00.000000000,1492009200000000000,1147.5,1147.5,1147.5,1147.5,0,1,1
2017-04-13 09:00:00.000000000,1492045200000000000,1147.5,1147.5,1147.5,1147.5,0,1,1
2017-04-13 10:00:00.000000000,1492048800000000000,1147.5,1147.5,1147.5,1147.5,0,1,1
2017-04-13 11:00:00.000000000,1492052400000000000,1147.5,1147.5,1147.5,1147.5,0,1,1
2017-04-13 13:00:00.000000000,1492059600000000000,1147.5,1147.5,1147.5,1147.5,0,1,1
2017-04-13 14:00:00.000000000,1492063200000000000,1147.5,1147.5,1147.5,1147.5,0,1,1
2017-05-10 21:00:00.000000000,1494421200000000000,1035.5,1035.5,1035.5,1035.5,1,1,1
2017-05-10 22:00:00.000000000,1494424800000000000,1035.5,1035.5,1035.5,1035.5,0,1,1
2017-05-10 23:00:00.000000000,1494428400000000000,1035.5,1035.5,1035.5,1035.5,0,1,1
2017-05-11 09:00:00.000000000,1494464400000000000,1035.5,1035.5,1035.5,1035.5,0,1,1
2017-05-11 10:00:00.000000000,1494468000000000000,1035.5,1035.5,1035.5,1035.5,0,1,1
2017-05-11 11:00:00.000000000,1494471600000000000,1035.5,1035.5,1035.5,1035.5,0,1,1
2017-05-11 13:00:00.000000000,1494478800000000000,1035.5,1035.5,1035.5,1035.5,0,1,1
2017-05-11 14:00:00.000000000,1494482400000000000,1035.5,1035.5,1035.5,1035.5,0,1,1
2017-07-18 21:00:00.000000000,1500382800000000000,1211.0,1211.0,1211.0,1211.0,1,1,2
2017-07-18 22:00:00.000000000,1500386400000000000,1211.0,1211.0,1211.0,1211.0,0,2,2
2017-07-18 23:00:00.000000000,1500390000000000000,1211.0,1211.0,1211.0,1211.0,0,2,2
2017-07-19 09:00:00.000000000,1500426000000000000,1211.0,1236.5,1211.0,1236.5,1,2,3
2017-07-19 10:00:00.000000000,1500429600000000000,1236.5,1236.5,1236.5,1236.5,0,3,3
2017-07-19 11:00:00.000000000,1500433200000000000,1236.5,1236.5,1236.5,1236.5,0,3,3
2017-07-19 13:00:00.000000000,1500440400000000000,1236.5,1236.5,1236.5,1236.5,0,3,3
2017-07-19 14:00:00.000000000,1500444000000000000,1236.5,1236.5,1236.5,1236.5,0,3,3
2017-07-25 21:00:00.000000000,1500987600000000000,1279.0,1279.0,1279.0,1279.0,1,3,2
2017-07-25 22:00:00.000000000,1500991200000000000,1279.0,1279.0,1279.0,1279.0,0,2,2
2017-07-25 23:00:00.000000000,1500994800000000000,1279.0,1279.0,1279.0,1279.0,0,2,2
2017-07-26 09:00:00.000000000,1501030800000000000,1279.0,1279.0,1279.0,1279.0,0,2,2
2017-07-26 10:00:00.000000000,1501034400000000000,1279.0,1279.0,1279.0,1279.0,0,2,2
2017-07-26 11:00:00.000000000,1501038000000000000,1279.0,1279.0,1279.0,1279.0,0,2,2
2017-07-26 13:00:00.000000000,1501045200000000000,1279.0,1279.0,1279.0,1279.0,0,2,2
2017-07-26 14:00:00.000000000,1501048800000000000,1279.0,1279.0,1279.0,1279.0,0,2,2
2017-08-02 21:00:00.000000000,1501678800000000000,1279.0,1279.0,1279.0,1279.0,0,2,2
2017-08-02 22:00:00.000000000,1501682400000000000,1279.0,1279.0,1279.0,1279.0,0,2,2
2017-08-02 23:00:00.000000000,1501686000000000000,1279.0,1279.0,1279.0,1279.0,0,2,2
2017-08-03 09:00:00.000000000,1501722000000000000,1279.0,1279.0,1279.0,1279.0,0,2,2
2017-08-03 10:00:00.000000000,1501725600000000000,1279.0,1279.0,1279.0,1279.0,0,2,2
2017-08-03 11:00:00.000000000,1501729200000000000,1279.0,1279.0,1279.0,1279.0,0,2,2
2017-08-03 13:00:00.000000000,1501736400000000000,1279.0,1279.0,1279.0,1279.0,0,2,2
2017-08-03 14:00:00.000000000,1501740000000000000,1311.0,1311.0,1311.0,1311.0,0,2,2
2017-08-03 21:00:00.000000000,1501765200000000000,1311.0,1311.0,1311.0,1311.0,0,2,2
2017-08-03 22:00:00.000000000,1501768800000000000,1311.0,1311.0,1311.0,1311.0,0,2,2
2017-08-03 23:00:00.000000000,1501772400000000000,1311.0,1311.0,1311.0,1311.0,0,2,2
2017-08-04 09:00:00.000000000,1501808400000000000,1311.0,1311.0,1311.0,1311.0,0,2,2
2017-08-04 10:00:00.000000000,1501812000000000000,1311.0,1311.0,1311.0,1311.0,0,2,2
2017-08-04 11:00:00.000000000,1501815600000000000,1311.0,1311.0,1311.0,1311.0,0,2,2
2017-08-04 13:00:00.000000000,1501822800000000000,1311.0,1311.0,1311.0,1311.0,0,2,2
2017-08-04 14:00:00.000000000,1501826400000000000,1311.0,1311.0,1311.0,1311.0,0,2,2
2017-08-04 21:00:00.000000000,1501851600000000000,1311.0,1311.0,1311.0,1311.0,0,2,2
2017-08-04 22:00:00.000000000,1501855200000000000,1311.0,1311.0,1311.0,1311.0,0,2,2
2017-08-04 23:00:00.000000000,1501858800000000000,1300.5,1300.5,1300.5,1300.5,1,2,1
2017-08-07 09:00:00.000000000,1502067600000000000,1300.5,1300.5,1300.5,1300.5,0,1,1
2017-08-07 10:00:00.000000000,1502071200000000000,1300.5,1300.5,1300.5,1300.5,0,1,1
2017-08-07 11:00:00.000000000,1502074800000000000,1300.5,1300.5,1300.5,1300.5,0,1,1
2017-08-07 13:00:00.000000000,1502082000000000000,1300.5,1300.5,1300.5,1300.5,0,1,1
2017-08-07 14:00:00.000000000,1502085600000000000,1300.5,1300.5,1300.5,1300.5,0,1,1
2017-08-07 21:00:00.000000000,1502110800000000000,1300.5,1300.5,1300.5,1300.5,0,1,1
2017-08-07 22:00:00.000000000,1502114400000000000,1300.5,1300.5,1300.5,1300.5,0,1,1
2017-08-07 23:00:00.000000000,1502118000000000000,1300.5,1300.5,1300.5,1300.5,0,1,1
2017-08-08 09:00:00.000000000,1502154000000000000,1300.5,1300.5,1300.5,1300.5,0,1,1
2017-08-08 10:00:00.000000000,1502157600000000000,1300.5,1300.5,1300.5,1300.5,0,1,1
2017-08-08 11:00:00.000000000,1502161200000000000,1300.5,1300.5,1300.5,1300.5,0,1,1
2017-08-08 13:00:00.000000000,1502168400000000000,1300.5,1300.5,1300.5,1300.5,0,1,1
2017-08-08 14:00:00.000000000,1502172000000000000,1300.5,1300.5,1300.5,1300.5,0,1,1
2017-08-08 21:00:00.000000000,1502197200000000000,1300.5,1300.5,1300.5,1300.5,0,1,1
2017-08-08 22:00:00.000000000,1502200800000000000,1300.5,1300.5,1300.5,1300.5,0,1,1
2017-08-08 23:00:00.000000000,1502204400000000000,1300.5,1300.5,1300.5,1300.5,0,1,1
2017-08-09 09:00:00.000000000,1502240400000000000,1300.5,1300.5,1300.5,1300.5,0,1,1
2017-08-09 10:00:00.000000000,1502244000000000000,1300.5,1300.5,1300.5,1300.5,0,1,1
2017-08-09 11:00:00.000000000,1502247600000000000,1300.5,1300.5,1300.5,1300.5,0,1,1
2017-08-09 13:00:00.000000000,1502254800000000000,1300.5,1300.5,1300.5,1300.5,0,1,1
2017-08-09 14:00:00.000000000,1502258400000000000,1300.5,1300.5,1300.5,1300.5,1,1,0
2017-08-09 21:00:00.000000000,1502283600000000000,1300.5,1300.5,1300.5,1300.5,0,0,0
2017-08-09 22:00:00.000000000,1502287200000000000,1300.5,1300.5,1300.5,1300.5,0,0,0
2017-08-09 23:00:00.000000000,1502290800000000000,1300.5,1300.5,1300.5,1300.5,0,0,0
2017-08-10 09:00:00.000000000,1502326800000000000,1300.5,1300.5,1300.5,1300.5,0,0,0
2017-08-10 10:00:00.000000000,1502330400000000000,1300.5,1300.5,1300.5,1300.5,0,0,0
2017-08-10 11:00:00.000000000,1502334000000000000,1300.5,1300.5,1300.5,1300.5,0,0,0
2017-08-10 13:00:00.000000000,1502341200000000000,1300.5,1300.5,1300.5,1300.5,0,0,0
2017-08-10 14:00:00.000000000,1502344800000000000,1305.5,1305.5,1305.5,1305.5,0,0,0
2017-08-10 21:00:00.000000000,1502370000000000000,1305.5,1305.5,1305.5,1305.5,0,0,0
2017-08-10 22:00:00.000000000,1502373600000000000,1305.5,1305.5,1305.5,1305.5,0,0,0
2017-08-10 23:00:00.000000000,1502377200000000000,1305.5,1305.5,1305.5,1305.5,0,0,0
2017-08-11 09:00:00.000000000,1502413200000000000,1305.5,1305.5,1305.5,1305.5,0,0,0
2017-08-11 10:00:00.000000000,1502416800000000000,1305.5,1305.5,1305.5,1305.5,0,0,0
2017-08-11 11:00:00.000000000,1502420400000000000,1305.5,1305.5,1305.5,1305.5,0,0,0
2017-08-11 13:00:00.000000000,1502427600000000000,1305.5,1305.5,1305.5,1305.5,0,0,0
2017-08-11 14:00:00.000000000,1502431200000000000,1305.5,1305.5,1305.5,1305.5,0,0,0
2017-08-11 21:00:00.000000000,1502456400000000000,1305.5,1305.5,1305.5,1305.5,0,0,0
2017-08-11 22:00:00.000000000,1502460000000000000,1305.5,1305.5,1305.5,1305.5,0,0,0
2017-08-11 23:00:00.000000000,1502463600000000000,1305.5,1305.5,1305.5,1305.5,0,0,0
2017-08-14 09:00:00.000000000,1502672400000000000,1305.5,1305.5,1305.5,1305.5,0,0,0
2017-08-14 10:00:00.000000000,1502676000000000000,1305.5,1305.5,1305.5,1305.5,0,0,0
2017-08-14 11:00:00.000000000,1502679600000000000,1305.5,1305.5,1305.5,1305.5,0,0,0
2017-08-14 13:00:00.000000000,1502686800000000000,1305.5,1305.5,1305.5,1305.5,0,0,0
2017-08-14 14:00:00.000000000,1502690400000000000,1305.5,1305.5,1305.5,1305.5,0,0,0
2017-08-14 21:00:00.000000000,1502715600000000000,1305.5,1305.5,1305.5,1305.5,0,0,0
2017-08-14 22:00:00.000000000,1502719200000000000,1305.5,1305.5,1305.5,1305.5,0,0,0
2017-08-14 23:00:00.000000000,1502722800000000000,1305.5,1305.5,1305.5,1305.5,0,0,0
2017-08-15 09:00:00.000000000,1502758800000000000,1305.5,1305.5,1305.5,1305.5,0,0,0
2017-08-15 10:00:00.000000000,1502762400000000000,1305.5,1305.5,1305.5,1305.5,0,0,0
2017-08-15 11:00:00.000000000,1502766000000000000,1305.5,1305.5,1305.5,1305.5,0,0,0
2017-08-15 13:00:00.000000000,1502773200000000000,1305.5,1305.5,1305.5,1305.5,0,0,0
2017-08-15 14:00:00.000000000,1502776800000000000,1305.5,1305.5,1305.5,1305.5,0,0,0
2017-08-15 21:00:00.000000000,1502802000000000000,1305.5,1305.5,1305.5,1305.5,0,0,0
2017-08-15 22:00:00.000000000,1502805600000000000,1305.5,1305.5,1305.5,1305.5,0,0,0
2017-08-15 23:00:00.000000000,1502809200000000000,1305.5,1305.5,1305.5,1305.5,0,0,0
2017-08-16 09:00:00.000000000,1502845200000000000,1305.5,1305.5,1305.5,1305.5,0,0,0
2017-08-16 10:00:00.000000000,1502848800000000000,1305.5,1305.5,1305.5,1305.5,0,0,0
2017-08-16 11:00:00.000000000,1502852400000000000,1305.5,1305.5,1305.5,1305.5,0,0,0
2017-08-16 13:00:00.000000000,1502859600000000000,1305.5,1305.5,1305.5,1305.5,0,0,0
2017-08-16 14:00:00.000000000,1502863200000000000,1337.5,1337.5,1337.5,1337.5,0,0,0
2017-08-16 21:00:00.000000000,1502888400000000000,1337.5,1337.5,1337.5,1337.5,0,0,0
2017-08-16 22:00:00.000000000,1502892000000000000,1337.5,1337.5,1337.5,1337.5,0,0,0
2017-08-16 23:00:00.000000000,1502895600000000000,1337.5,1337.5,1337.5,1337.5,0,0,0
2017-08-17 09:00:00.000000000,1502931600000000000,1337.5,1337.5,1337.5,1337.5,0,0,0
2017-08-17 10:00:00.000000000,1502935200000000000,1337.5,1337.5,1337.5,1337.5,0,0,0
2017-08-17 11:00:00.000000000,1502938800000000000,1337.5,1337.5,1337.5,1337.5,0,0,0
2017-08-17 13:00:00.000000000,1502946000000000000,1337.5,1337.5,1337.5,1337.5,0,0,0
2017-08-17 14:00:00.000000000,1502949600000000000,1357.0,1357.0,1357.0,1357.0,0,0,0
2017-08-17 21:00:00.000000000,1502974800000000000,1357.0,1357.0,1357.0,1357.0,0,0,0
2017-08-17 22:00:00.000000000,1502978400000000000,1357.0,1357.0,1357.0,1357.0,0,0,0
2017-08-17 23:00:00.000000000,1502982000000000000,1357.0,1357.0,1357.0,1357.0,0,0,0
2017-08-18 09:00:00.000000000,1503018000000000000,1357.0,1357.0,1357.0,1357.0,0,0,0
2017-08-18 10:00:00.000000000,1503021600000000000,1357.0,1357.0,1357.0,1357.0,0,0,0
2017-08-18 11:00:00.000000000,1503025200000000000,1357.0,1357.0,1357.0,1357.0,0,0,0
2017-08-18 13:00:00.000000000,1503032400000000000,1357.0,1357.0,1357.0,1357.0,0,0,0
2017-08-18 14:00:00.000000000,1503036000000000000,1465.5,1465.5,1465.5,1465.5,1,0,1
2017-08-18 21:00:00.000000000,1503061200000000000,1465.5,1465.5,1465.5,1465.5,0,1,1
2017-08-18 22:00:00.000000000,1503064800000000000,1465.5,1465.5,1465.5,1465.5,0,1,1
2017-08-18 23:00:00.000000000,1503068400000000000,1465.5,1465.5,1465.5,1465.5,0,1,1
2017-08-21 09:00:00.000000000,1503277200000000000,1465.5,1465.5,1465.5,1465.5,0,1,1
2017-08-21 10:00:00.000000000,1503280800000000000,1465.5,1465.5,1465.5,1465.5,0,1,1
2017-08-21 11:00:00.000000000,1503284400000000000,1465.5,1465.5,1465.5,1465.5,0,1,1
2017-08-21 13:00:00.000000000,1503291600000000000,1465.5,1465.5,1465.5,1465.5,0,1,1
2017-08-21 14:00:00.000000000,1503295200000000000,1473.5,1473.5,1473.5,1473.5,0,1,1
2017-08-21 21:00:00.000000000,1503320400000000000,1473.5,1473.5,1473.5,1473.5,0,1,1
2017-08-21 22:00:00.000000000,1503324000000000000,1473.5,1473.5,1473.5,1473.5,0,1,1
2017-08-21 23:00:00.000000000,1503327600000000000,1473.5,1473.5,1473.5,1473.5,0,1,1
2017-08-22 09:00:00.000000000,1503363600000000000,1473.5,1473.5,1473.5,1473.5,0,1,1
2017-08-22 10:00:00.000000000,1503367200000000000,1473.5,1473.5,1473.5,1473.5,0,1,1
2017-08-22 11:00:00.000000000,1503370800000000000,1473.5,1473.5,1473.5,1473.5,0,1,1
2017-08-22 13:00:00.000000000,1503378000000000000,1473.5,1473.5,1473.5,1473.5,0,1,1
2017-08-22 14:00:00.000000000,1503381600000000000,1473.5,1473.5,1473.5,1473.5,0,1,1
2017-08-22 21:00:00.000000000,1503406800000000000,1473.5,1473.5,1473.5,1473.5,0,1,1
2017-08-22 22:00:00.000000000,1503410400000000000,1473.5,1473.5,1473.5,1473.5,0,1,1
2017-08-22 23:00:00.000000000,1503414000000000000,1473.5,1473.5,1473.5,1473.5,0,1,1
2017-08-23 09:00:00.000000000,1503450000000000000,1473.5,1473.5,1473.5,1473.5,0,1,1
2017-08-23 10:00:00.000000000,1503453600000000000,1473.5,1473.5,1473.5,1473.5,0,1,1
2017-08-23 11:00:00.000000000,1503457200000000000,1473.5,1473.5,1473.5,1473.5,0,1,1
2017-08-23 13:00:00.000000000,1503464400000000000,1473.5,1473.5,1473.5,1473.5,0,1,1
2017-08-23 14:00:00.000000000,1503468000000000000,1443.5,1443.5,1443.5,1443.5,0,1,1
2017-08-23 21:00:00.000000000,1503493200000000000,1443.5,1443.5,1443.5,1443.5,0,1,1
2017-08-23 22:00:00.000000000,1503496800000000000,1443.5,1443.5,1443.5,1443.5,0,1,1
2017-08-23 23:00:00.000000000,1503500400000000000,1443.5,1443.5,1443.5,1443.5,0,1,1
2017-08-24 09:00:00.000000000,1503536400000000000,1443.5,1443.5,1443.5,1443.5,0,1,1
2017-08-24 10:00:00.000000000,1503540000000000000,1443.5,1443.5,1443.5,1443.5,0,1,1
2017-08-24 11:00:00.000000000,1503543600000000000,1443.5,1443.5,1443.5,1443.5,0,1,1
2017-08-24 13:00:00.000000000,1503550800000000000,1443.5,1443.5,1443.5,1443.5,0,1,1
2017-08-24 14:00:00.000000000,1503554400000000000,1439.0,1439.0,1439.0,1439.0,0,1,1
2017-08-24 21:00:00.000000000,1503579600000000000,1439.0,1439.0,1439.0,1439.0,0,1,1
2017-08-24 22:00:00.000000000,1503583200000000000,1439.0,1439.0,1439.0,1439.0,0,1,1
2017-08-24 23:00:00.000000000,1503586800000000000,1439.0,1439.0,1439.0,1439.0,0,1,1
2017-08-25 09:00:00.000000000,1503622800000000000,1439.0,1439.0,1439.0,1439.0,0,1,1
2017-08-25 10:00:00.000000000,1503626400000000000,1439.0,1439.0,1439.0,1439.0,0,1,1
2017-08-25 11:00:00.000000000,1503630000000000000,1439.0,1439.0,1439.0,1439.0,0,1,1
2017-08-25 13:00:00.000000000,1503637200000000000,1439.0,1439.0,1439.0,1439.0,0,1,1
2017-08-25 14:00:00.000000000,1503640800000000000,1443.5,1443.5,1443.5,1443.5,0,1,1
2017-08-25 21:00:00.000000000,1503666000000000000,1443.5,1443.5,1443.5,1443.5,0,1,1
2017-08-25 22:00:00.000000000,1503669600000000000,1443.5,1443.5,1443.5,1443.5,0,1,1
2017-08-25 23:00:00.000000000,1503673200000000000,1443.5,1443.5,1443.5,1443.5,0,1,1
2017-08-28 09:00:00.000000000,1503882000000000000,1443.5,1443.5,1443.5,1443.5,0,1,1
2017-08-28 10:00:00.000000000,1503885600000000000,1443.5,1443.5,1443.5,1443.5,0,1,1
2017-08-28 11:00:00.000000000,1503889200000000000,1443.5,1443.5,1443.5,1443.5,0,1,1
2017-08-28 13:00:00.000000000,1503896400000000000,1443.5,1443.5,1443.5,1443.5,0,1,1
2017-08-28 14:00:00.000000000,1503900000000000000,1429.5,1429.5,1429.5,1429.5,0,1,1
2017-08-28 21:00:00.000000000,1503925200000000000,1368.0,1484.0,1368.0,1435.0,5,1,4
2017-08-28 22:00:00.000000000,1503928800000000000,1435.0,1435.0,1435.0,1435.0,0,4,4
2017-08-28 23:00:00.000000000,1503932400000000000,1435.0,1435.0,1435.0,1435.0,0,4,4
2017-08-29 09:00:00.000000000,1503968400000000000,1435.0,1435.0,1435.0,1435.0,0,4,4
2017-08-29 10:00:00.000000000,1503972000000000000,1435.0,1435.0,1435.0,1435.0,0,4,4
2017-08-29 11:00:00.000000000,1503975600000000000,1435.0,1435.0,1435.0,1435.0,0,4,4
2017-08-29 13:00:00.000000000,1503982800000000000,1435.0,1435.0,1435.0,1435.0,0,4,4
2017-08-29 14:00:00.000000000,1503986400000000000,1435.0,1435.0,1435.0,1435.0,0,4,4
2017-08-29 21:00:00.000000000,1504011600000000000,1362.0,1362.0,1362.0,1362.0,1,4,3
2017-08-29 22:00:00.000000000,1504015200000000000,1362.0,1362.0,1362.0,1362.0,0,3,3
2017-08-29 23:00:00.000000000,1504018800000000000,1362.0,1362.0,1348.0,1348.0,1,3,2
2017-08-30 09:00:00.000000000,1504054800000000000,1348.0,1348.0,1348.0,1348.0,0,2,2
2017-08-30 10:00:00.000000000,1504058400000000000,1348.0,1348.0,1348.0,1348.0,0,2,2
2017-08-30 11:00:00.000000000,1504062000000000000,1348.0,1348.0,1348.0,1348.0,0,2,2
2017-08-30 13:00:00.000000000,1504069200000000000,1348.0,1348.0,1348.0,1348.0,0,2,2
2017-08-30 14:00:00.000000000,1504072800000000000,1348.0,1348.0,1348.0,1348.0,0,2,2
2017-08-30 21:00:00.000000000,1504098000000000000,1410.5,1410.5,1358.0,1358.0,5,2,4
2017-08-30 22:00:00.000000000,1504101600000000000,1358.0,1358.0,1358.0,1358.0,0,4,4
2017-08-30 23:00:00.000000000,1504105200000000000,1358.0,1358.0,1358.0,1358.0,0,4,4
2017-08-31 09:00:00.000000000,1504141200000000000,1358.0,1358.0,1358.0,1358.0,0,4,4
2017-08-31 10:00:00.000000000,1504144800000000000,1358.0,1358.0,1358.0,1358.0,0,4,4
2017-08-31 11:00:00.000000000,1504148400000000000,1358.0,1358.0,1358.0,1358.0,0,4,4
2017-08-31 13:00:00.000000000,1504155600000000000,1358.0,1358.0,1358.0,1358.0,0,4,4
2017-08-31 14:00:00.000000000,1504159200000000000,1358.0,1358.0,1358.0,1358.0,0,4,4
2017-08-31 21:00:00.000000000,1504184400000000000,1349.0,1370.0,1346.5,1346.5,7,4,10
2017-08-31 22:00:00.000000000,1504188000000000000,1346.5,1346.5,1328.5,1328.5,1,10,10
2017-08-31 23:00:00.000000000,1504191600000000000,1328.5,1328.5,1303.0,1303.0,1,10,10
2017-09-01 09:00:00.000000000,1504227600000000000,1303.0,1303.5,1303.0,1303.5,2,10,10
2017-09-01 10:00:00.000000000,1504231200000000000,1303.5,1303.5,1303.5,1303.5,0,10,10
2017-09-01 11:00:00.000000000,1504234800000000000,1303.5,1303.5,1303.5,1303.5,0,10,10
2017-09-01 13:00:00.000000000,1504242000000000000,1303.5,1303.5,1303.5,1303.5,0,10,10
2017-09-01 14:00:00.000000000,1504245600000000000,1303.5,1303.5,1303.5,1303.5,0,10,10
2017-09-01 21:00:00.000000000,1504270800000000000,1303.5,1303.5,1303.5,1303.5,0,10,10
2017-09-01 22:00:00.000000000,1504274400000000000,1303.5,1303.5,1303.5,1303.5,0,10,10
2017-09-01 23:00:00.000000000,1504278000000000000,1303.5,1303.5,1303.5,1303.5,0,10,10
2017-09-04 09:00:00.000000000,1504486800000000000,1303.5,1303.5,1303.5,1303.5,0,10,10
2017-09-04 10:00:00.000000000,1504490400000000000,1303.5,1303.5,1303.5,1303.5,0,10,10
2017-09-04 11:00:00.000000000,1504494000000000000,1310.0,1310.0,1310.0,1310.0,1,10,10
2017-09-04 13:00:00.000000000,1504501200000000000,1310.0,1310.0,1310.0,1310.0,0,10,10
2017-09-04 14:00:00.000000000,1504504800000000000,1310.0,1329.0,1302.5,1302.5,2,10,9
2017-09-04 21:00:00.000000000,1504530000000000000,1311.0,1311.0,1311.0,1311.0,1,9,8
2017-09-04 22:00:00.000000000,1504533600000000000,1311.0,1311.0,1311.0,1311.0,0,8,8
2017-09-04 23:00:00.000000000,1504537200000000000,1311.0,1311.0,1311.0,1311.0,0,8,8
2017-09-05 09:00:00.000000000,1504573200000000000,1311.0,1311.0,1311.0,1311.0,0,8,8
2017-09-05 10:00:00.000000000,1504576800000000000,1311.0,1311.0,1311.0,1311.0,0,8,8
2017-09-05 11:00:00.000000000,1504580400000000000,1311.0,1311.0,1311.0,1311.0,0,8,8
2017-09-05 13:00:00.000000000,1504587600000000000,1311.0,1311.0,1311.0,1311.0,0,8,8
2017-09-05 14:00:00.000000000,1504591200000000000,1311.0,1311.0,1292.0,1292.0,1,8,8
2017-09-05 21:00:00.000000000,1504616400000000000,1292.0,1292.0,1292.0,1292.0,0,8,8
2017-09-05 22:00:00.000000000,1504620000000000000,1292.0,1292.0,1292.0,1292.0,0,8,8
2017-09-05 23:00:00.000000000,1504623600000000000,1292.0,1292.0,1292.0,1292.0,0,8,8
2017-09-06 09:00:00.000000000,1504659600000000000,1292.0,1292.0,1292.0,1292.0,0,8,8
2017-09-06 10:00:00.000000000,1504663200000000000,1292.0,1292.0,1292.0,1292.0,0,8,8
2017-09-06 11:00:00.000000000,1504666800000000000,1292.0,1292.0,1292.0,1292.0,0,8,8
2017-09-06 13:00:00.000000000,1504674000000000000,1292.0,1292.0,1292.0,1292.0,0,8,8
2017-09-06 14:00:00.000000000,1504677600000000000,1301.5,1301.5,1301.5,1301.5,0,8,8
2017-09-06 21:00:00.000000000,1504702800000000000,1301.5,1301.5,1301.5,1301.5,0,8,8
2017-09-06 22:00:00.000000000,1504706400000000000,1301.5,1301.5,1301.5,1301.5,0,8,8
2017-09-06 23:00:00.000000000,1504710000000000000,1301.5,1301.5,1301.5,1301.5,0,8,8
2017-09-07 09:00:00.000000000,1504746000000000000,1301.5,1301.5,1301.5,1301.5,0,8,8
2017-09-07 10:00:00.000000000,1504749600000000000,1301.5,1301.5,1301.5,1301.5,0,8,8
2017-09-07 11:00:00.000000000,1504753200000000000,1301.5,1301.5,1301.5,1301.5,0,8,8
2017-09-07 13:00:00.000000000,1504760400000000000,1301.5,1301.5,1301.5,1301.5,0,8,8
2017-09-07 14:00:00.000000000,1504764000000000000,1314.0,1314.0,1314.0,1314.0,1,8,7
2017-09-07 21:00:00.000000000,1504789200000000000,1314.0,1314.0,1314.0,1314.0,0,7,7
2017-09-07 22:00:00.000000000,1504792800000000000,1314.0,1314.0,1314.0,1314.0,0,7,7
2017-09-07 23:00:00.000000000,1504796400000000000,1314.0,1314.0,1314.0,1314.0,0,7,7
2017-09-08 09:00:00.000000000,1504832400000000000,1314.0,1314.0,1314.0,1314.0,0,7,7
2017-09-08 10:00:00.000000000,1504836000000000000,1314.0,1314.0,1314.0,1314.0,0,7,7
2017-09-08 11:00:00.000000000,1504839600000000000,1314.0,1314.0,1314.0,1314.0,0,7,7
2017-09-08 13:00:00.000000000,1504846800000000000,1314.0,1314.0,1314.0,1314.0,0,7,7
2017-09-08 14:00:00.000000000,1504850400000000000,1314.0,1314.0,1314.0,1314.0,0,7,7
2017-09-08 21:00:00.000000000,1504875600000000000,1314.0,1314.0,1314.0,1314.0,0,7,7
2017-09-08 22:00:00.000000000,1504879200000000000,1300.0,1300.0,1300.0,1300.0,1,7,6
2017-09-08 23:00:00.000000000,1504882800000000000,1300.0,1300.0,1300.0,1300.0,0,6,6
2017-09-11 09:00:00.000000000,1505091600000000000,1300.0,1300.0,1300.0,1300.0,0,6,6
2017-09-11 10:00:00.000000000,1505095200000000000,1300.0,1300.0,1300.0,1300.0,0,6,6
2017-09-11 11:00:00.000000000,1505098800000000000,1300.0,1300.0,1300.0,1300.0,0,6,6
2017-09-11 13:00:00.000000000,1505106000000000000,1300.0,1300.0,1300.0,1300.0,0,6,6
2017-09-11 14:00:00.000000000,1505109600000000000,1300.0,1300.0,1300.0,1300.0,0,6,6
2017-09-11 21:00:00.000000000,1505134800000000000,1300.0,1300.0,1300.0,1300.0,0,6,6
2017-09-11 22:00:00.000000000,1505138400000000000,1300.0,1300.0,1300.0,1300.0,0,6,6
2017-09-11 23:00:00.000000000,1505142000000000000,1300.0,1300.0,1300.0,1300.0,0,6,6
2017-09-12 09:00:00.000000000,1505178000000000000,1300.0,1300.0,1300.0,1300.0,0,6,6
2017-09-12 10:00:00.000000000,1505181600000000000,1300.0,1300.0,1300.0,1300.0,0,6,6
2017-09-12 11:00:00.000000000,1505185200000000000,1300.0,1300.0,1300.0,1300.0,0,6,6
2017-09-12 13:00:00.000000000,1505192400000000000,1300.0,1300.0,1300.0,1300.0,0,6,6
2017-09-12 14:00:00.000000000,1505196000000000000,1309.0,1309.0,1309.0,1309.0,0,6,6
2017-09-12 21:00:00.000000000,1505221200000000000,1309.0,1309.0,1309.0,1309.0,0,6,6
2017-09-12 22:00:00.000000000,1505224800000000000,1309.0,1309.0,1309.0,1309.0,0,6,6
2017-09-12 23:00:00.000000000,1505228400000000000,1309.0,1309.0,1309.0,1309.0,0,6,6
2017-09-13 09:00:00.000000000,1505264400000000000,1309.0,1309.0,1309.0,1309.0,0,6,6
2017-09-13 10:00:00.000000000,1505268000000000000,1309.0,1309.0,1309.0,1309.0,0,6,6
2017-09-13 11:00:00.000000000,1505271600000000000,1309.0,1309.0,1309.0,1309.0,0,6,6
2017-09-13 13:00:00.000000000,1505278800000000000,1309.0,1309.0,1309.0,1309.0,0,6,6
2017-09-13 14:00:00.000000000,1505282400000000000,1332.0,1332.0,1332.0,1332.0,0,6,6
2017-09-13 21:00:00.000000000,1505307600000000000,1332.0,1332.0,1332.0,1332.0,0,6,6
2017-09-13 22:00:00.000000000,1505311200000000000,1332.0,1332.0,1332.0,1332.0,0,6,6
2017-09-13 23:00:00.000000000,1505314800000000000,1332.0,1332.0,1332.0,1332.0,0,6,6
2017-09-14 09:00:00.000000000,1505350800000000000,1332.0,1332.0,1332.0,1332.0,0,6,6
2017-09-14 10:00:00.000000000,1505354400000000000,1332.0,1332.0,1332.0,1332.0,0,6,6
2017-09-14 11:00:00.000000000,1505358000000000000,1332.0,1332.0,1332.0,1332.0,0,6,6
2017-09-14 13:00:00.000000000,1505365200000000000,1360.5,1360.5,1360.5,1360.5,1,6,5
2017-09-14 14:00:00.000000000,1505368800000000000,1360.5,1360.5,1345.0,1345.0,1,5,4
2017-09-14 21:00:00.000000000,1505394000000000000,1345.0,1345.0,1345.0,1345.0,0,4,4
2017-09-14 22:00:00.000000000,1505397600000000000,1345.0,1345.0,1345.0,1345.0,0,4,4
2017-09-14 23:00:00.000000000,1505401200000000000,1345.0,1345.0,1345.0,1345.0,0,4,4
2017-09-15 09:00:00.000000000,1505437200000000000,1345.0,1345.0,1345.0,1345.0,0,4,4
2017-09-15 10:00:00.000000000,1505440800000000000,1345.0,1345.0,1345.0,1345.0,0,4,4
2017-09-15 11:00:00.000000000,1505444400000000000,1345.0,1345.0,1345.0,1345.0,0,4,4
2017-09-15 13:00:00.000000000,1505451600000000000,1345.0,1345.0,1345.0,1345.0,0,4,4
2017-09-15 14:00:00.000000000,1505455200000000000,1279.0,1279.0,1278.0,1278.0,2,4,2
2017-09-15 21:00:00.000000000,1505480400000000000,1278.0,1278.0,1278.0,1278.0,0,2,2
2017-09-15 22:00:00.000000000,1505484000000000000,1278.0,1278.0,1278.0,1278.0,0,2,2
2017-09-15 23:00:00.000000000,1505487600000000000,1278.0,1278.0,1278.0,1278.0,0,2,2
2017-09-18 09:00:00.000000000,1505696400000000000,1278.0,1278.0,1278.0,1278.0,0,2,2
2017-09-18 10:00:00.000000000,1505700000000000000,1278.0,1278.0,1278.0,1278.0,0,2,2
2017-09-18 11:00:00.000000000,1505703600000000000,1278.0,1278.0,1278.0,1278.0,0,2,2
2017-09-18 13:00:00.000000000,1505710800000000000,1278.0,1278.0,1278.0,1278.0,0,2,2
2017-09-18 14:00:00.000000000,1505714400000000000,1278.5,1278.5,1278.5,1278.5,0,2,2
2017-09-18 21:00:00.000000000,1505739600000000000,1278.5,1278.5,1278.5,1278.5,0,2,2
2017-09-18 22:00:00.000000000,1505743200000000000,1278.5,1278.5,1278.5,1278.5,0,2,2
2017-09-18 23:00:00.000000000,1505746800000000000,1278.5,1278.5,1278.5,1278.5,0,2,2
2017-09-19 09:00:00.000000000,1505782800000000000,1278.5,1278.5,1278.5,1278.5,0,2,2
2017-09-19 10:00:00.000000000,1505786400000000000,1278.5,1278.5,1278.5,1278.5,0,2,2
2017-09-19 11:00:00.000000000,1505790000000000000,1278.5,1278.5,1278.5,1278.5,0,2,2
2017-09-19 13:00:00.000000000,1505797200000000000,1278.5,1278.5,1278.5,1278.5,0,2,2
2017-09-19 14:00:00.000000000,1505800800000000000,1291.0,1291.0,1291.0,1291.0,1,2,1
2017-09-19 21:00:00.000000000,1505826000000000000,1291.0,1291.0,1291.0,1291.0,0,1,1
2017-09-19 22:00:00.000000000,1505829600000000000,1290.0,1290.0,1189.5,1189.5,2,1,1
2017-09-19 23:00:00.000000000,1505833200000000000,1189.5,1189.5,1189.5,1189.5,0,1,1
2017-09-20 09:00:00.000000000,1505869200000000000,1189.5,1189.5,1189.5,1189.5,0,1,1
2017-09-20 10:00:00.000000000,1505872800000000000,1189.5,1189.5,1189.5,1189.5,0,1,1
2017-09-20 11:00:00.000000000,1505876400000000000,1189.5,1189.5,1189.5,1189.5,0,1,1
2017-09-20 13:00:00.000000000,1505883600000000000,1189.5,1189.5,1189.5,1189.5,0,1,1
2017-09-20 14:00:00.000000000,1505887200000000000,1189.5,1189.5,1189.5,1189.5,0,1,1
2017-09-20 21:00:00.000000000,1505912400000000000,1189.5,1189.5,1189.5,1189.5,0,1,1
2017-09-20 22:00:00.000000000,1505916000000000000,1189.5,1189.5,1189.5,1189.5,0,1,1
2017-09-20 23:00:00.000000000,1505919600000000000,1189.5,1189.5,1189.5,1189.5,0,1,1
2017-09-21 09:00:00.000000000,1505955600000000000,1189.5,1189.5,1189.5,1189.5,0,1,1
2017-09-21 10:00:00.000000000,1505959200000000000,1189.5,1189.5,1189.5,1189.5,0,1,1
2017-09-21 11:00:00.000000000,1505962800000000000,1189.5,1189.5,1189.5,1189.5,0,1,1
2017-09-21 13:00:00.000000000,1505970000000000000,1189.5,1189.5,1189.5,1189.5,0,1,1
2017-09-21 14:00:00.000000000,1505973600000000000,1219.0,1219.0,1219.0,1219.0,0,1,1
2017-09-21 21:00:00.000000000,1505998800000000000,1219.0,1219.0,1219.0,1219.0,0,1,1
2017-09-21 22:00:00.000000000,1506002400000000000,1219.0,1219.0,1219.0,1219.0,0,1,1
2017-09-21 23:00:00.000000000,1506006000000000000,1219.0,1219.0,1219.0,1219.0,0,1,1
2017-09-22 09:00:00.000000000,1506042000000000000,1219.0,1219.0,1219.0,1219.0,0,1,1
2017-09-22 10:00:00.000000000,1506045600000000000,1219.0,1219.0,1219.0,1219.0,0,1,1
2017-09-22 11:00:00.000000000,1506049200000000000,1219.0,1219.0,1219.0,1219.0,0,1,1
2017-09-22 13:00:00.000000000,1506056400000000000,1219.0,1219.0,1219.0,1219.0,0,1,1
2017-09-22 14:00:00.000000000,1506060000000000000,1219.0,1219.0,1219.0,1219.0,0,1,1
2017-09-22 21:00:00.000000000,1506085200000000000,1219.0,1219.0,1219.0,1219.0,0,1,1
2017-09-22 22:00:00.000000000,1506088800000000000,1219.0,1219.0,1219.0,1219.0,0,1,1
2017-09-22 23:00:00.000000000,1506092400000000000,1219.0,1219.0,1219.0,1219.0,0,1,1
2017-09-25 09:00:00.000000000,1506301200000000000,1219.0,1219.0,1219.0,1219.0,0,1,1
2017-09-25 10:00:00.000000000,1506304800000000000,1219.0,1219.0,1219.0,1219.0,0,1,1
2017-09-25 11:00:00.000000000,1506308400000000000,1219.0,1219.0,1219.0,1219.0,0,1,1
2017-09-25 13:00:00.000000000,1506315600000000000,1219.0,1219.0,1219.0,1219.0,0,1,1
2017-09-25 14:00:00.000000000,1506319200000000000,1219.0,1219.0,1219.0,1219.0,0,1,1
2017-09-25 21:00:00.000000000,1506344400000000000,1219.0,1219.0,1219.0,1219.0,0,1,1
2017-09-25 22:00:00.000000000,1506348000000000000,1219.0,1219.0,1219.0,1219.0,0,1,1
2017-09-25 23:00:00.000000000,1506351600000000000,1219.0,1219.0,1219.0,1219.0,0,1,1
2017-09-26 09:00:00.000000000,1506387600000000000,1215.5,1215.5,1215.5,1215.5,1,1,0
2017-09-26 10:00:00.000000000,1506391200000000000,1215.5,1215.5,1215.5,1215.5,0,0,0
2017-09-26 11:00:00.000000000,1506394800000000000,1215.5,1215.5,1215.5,1215.5,0,0,0
2017-09-26 13:00:00.000000000,1506402000000000000,1215.5,1215.5,1215.5,1215.5,0,0,0
2017-09-26 14:00:00.000000000,1506405600000000000,1215.5,1215.5,1215.5,1215.5,0,0,0
2017-09-26 21:00:00.000000000,1506430800000000000,1215.5,1215.5,1215.5,1215.5,0,0,0
2017-09-26 22:00:00.000000000,1506434400000000000,1215.5,1215.5,1215.5,1215.5,0,0,0
2017-09-26 23:00:00.000000000,1506438000000000000,1215.5,1215.5,1215.5,1215.5,0,0,0
2017-09-27 09:00:00.000000000,1506474000000000000,1215.5,1215.5,1215.5,1215.5,0,0,0
2017-09-27 10:00:00.000000000,1506477600000000000,1215.5,1215.5,1215.5,1215.5,0,0,0
2017-09-27 11:00:00.000000000,1506481200000000000,1215.5,1215.5,1215.5,1215.5,0,0,0
2017-09-27 13:00:00.000000000,1506488400000000000,1215.5,1215.5,1215.5,1215.5,0,0,0
2017-09-27 14:00:00.000000000,1506492000000000000,1143.5,1143.5,1143.5,1143.5,0,0,0
2017-09-27 21:00:00.000000000,1506517200000000000,1143.5,1143.5,1143.5,1143.5,0,0,0
2017-09-27 22:00:00.000000000,1506520800000000000,1143.5,1143.5,1143.5,1143.5,0,0,0
2017-09-27 23:00:00.000000000,1506524400000000000,1143.5,1143.5,1143.5,1143.5,0,0,0
2017-09-28 09:00:00.000000000,1506560400000000000,1143.5,1143.5,1143.5,1143.5,0,0,0
2017-09-28 10:00:00.000000000,1506564000000000000,1143.5,1143.5,1143.5,1143.5,0,0,0
2017-09-28 11:00:00.000000000,1506567600000000000,1143.5,1143.5,1143.5,1143.5,0,0,0
2017-09-28 13:00:00.000000000,1506574800000000000,1143.5,1143.5,1143.5,1143.5,0,0,0
2017-09-28 14:00:00.000000000,1506578400000000000,1143.5,1143.5,1143.5,1143.5,0,0,0
2017-09-28 21:00:00.000000000,1506603600000000000,1143.5,1143.5,1143.5,1143.5,0,0,0
2017-09-28 22:00:00.000000000,1506607200000000000,1143.5,1143.5,1143.5,1143.5,0,0,0
2017-09-28 23:00:00.000000000,1506610800000000000,1143.5,1143.5,1143.5,1143.5,0,0,0
2017-09-29 09:00:00.000000000,1506646800000000000,1143.5,1143.5,1143.5,1143.5,0,0,0
2017-09-29 10:00:00.000000000,1506650400000000000,1143.5,1143.5,1143.5,1143.5,0,0,0
2017-09-29 11:00:00.000000000,1506654000000000000,1143.5,1143.5,1143.5,1143.5,0,0,0
2017-09-29 13:00:00.000000000,1506661200000000000,1143.5,1143.5,1143.5,1143.5,0,0,0
2017-09-29 14:00:00.000000000,1506664800000000000,1056.5,1056.5,1056.5,1056.5,0,0,0
2017-10-09 09:00:00.000000000,1507510800000000000,1056.5,1056.5,1056.5,1056.5,0,0,0
2017-10-09 10:00:00.000000000,1507514400000000000,1056.5,1056.5,1056.5,1056.5,0,0,0
2017-10-09 11:00:00.000000000,1507518000000000000,1056.5,1056.5,1056.5,1056.5,0,0,0
2017-10-09 13:00:00.000000000,1507525200000000000,1056.5,1056.5,1056.5,1056.5,0,0,0
2017-10-09 14:00:00.000000000,1507528800000000000,972.0,972.0,972.0,972.0,0,0,0
2017-10-09 21:00:00.000000000,1507554000000000000,972.0,972.0,972.0,972.0,0,0,0
2017-10-09 22:00:00.000000000,1507557600000000000,972.0,972.0,972.0,972.0,0,0,0
2017-10-09 23:00:00.000000000,1507561200000000000,972.0,972.0,972.0,972.0,0,0,0
2017-10-10 09:00:00.000000000,1507597200000000000,972.0,972.0,972.0,972.0,0,0,0
2017-10-10 10:00:00.000000000,1507600800000000000,972.0,972.0,972.0,972.0,0,0,0
2017-10-10 11:00:00.000000000,1507604400000000000,972.0,972.0,972.0,972.0,0,0,0
2017-10-10 13:00:00.000000000,1507611600000000000,972.0,972.0,972.0,972.0,0,0,0
2017-10-10 14:00:00.000000000,1507615200000000000,972.0,972.0,972.0,972.0,0,0,0
2017-10-10 21:00:00.000000000,1507640400000000000,972.0,972.0,972.0,972.0,0,0,0
2017-10-10 22:00:00.000000000,1507644000000000000,972.0,972.0,972.0,972.0,0,0,0
2017-10-10 23:00:00.000000000,1507647600000000000,972.0,972.0,972.0,972.0,0,0,0
2017-10-11 09:00:00.000000000,1507683600000000000,972.0,972.0,972.0,972.0,0,0,0
2017-10-11 10:00:00.000000000,1507687200000000000,972.0,972.0,972.0,972.0,0,0,0
2017-10-11 11:00:00.000000000,1507690800000000000,972.0,972.0,972.0,972.0,0,0,0
2017-10-11 13:00:00.000000000,1507698000000000000,972.0,972.0,972.0,972.0,0,0,0
2017-10-11 14:00:00.000000000,1507701600000000000,972.0,972.0,972.0,972.0,0,0,0
2017-10-11 21:00:00.000000000,1507726800000000000,972.0,972.0,972.0,972.0,0,0,0
2017-10-11 22:00:00.000000000,1507730400000000000,972.0,972.0,972.0,972.0,0,0,0
2017-10-11 23:00:00.000000000,1507734000000000000,972.0,972.0,972.0,972.0,0,0,0
2017-10-12 09:00:00.000000000,1507770000000000000,972.0,972.0,972.0,972.0,0,0,0
2017-10-12 10:00:00.000000000,1507773600000000000,972.0,972.0,972.0,972.0,0,0,0
2017-10-12 11:00:00.000000000,1507777200000000000,972.0,972.0,972.0,972.0,0,0,0
2017-10-12 13:00:00.000000000,1507784400000000000,972.0,972.0,972.0,972.0,0,0,0
2017-10-12 14:00:00.000000000,1507788000000000000,1049.5,1049.5,1049.5,1049.5,0,0,0
2017-10-12 21:00:00.000000000,1507813200000000000,1049.5,1049.5,1049.5,1049.5,0,0,0
2017-10-12 22:00:00.000000000,1507816800000000000,1049.5,1049.5,1049.5,1049.5,0,0,0
2017-10-12 23:00:00.000000000,1507820400000000000,1049.5,1049.5,1049.5,1049.5,0,0,0
2017-10-13 09:00:00.000000000,1507856400000000000,1049.5,1049.5,1049.5,1049.5,0,0,0
2017-10-13 10:00:00.000000000,1507860000000000000,1049.5,1049.5,1049.5,1049.5,0,0,0
2017-10-13 11:00:00.000000000,1507863600000000000,1049.5,1049.5,1049.5,1049.5,0,0,0
2017-10-13 13:00:00.000000000,1507870800000000000,1049.5,1049.5,1049.5,1049.5,0,0,0
2017-10-13 14:00:00.000000000,1507874400000000000,1049.5,1049.5,1049.5,1049.5,0,0,0
2017-10-13 21:00:00.000000000,1507899600000000000,1049.5,1049.5,1049.5,1049.5,0,0,0
2017-10-13 22:00:00.000000000,1507903200000000000,1049.5,1049.5,1049.5,1049.5,0,0,0
2017-10-13 23:00:00.000000000,1507906800000000000,1049.5,1049.5,1049.5,1049.5,0,0,0
2017-10-16 09:00:00.000000000,1508115600000000000,1049.5,1049.5,1049.5,1049.5,0,0,0
2017-10-16 10:00:00.000000000,1508119200000000000,1049.5,1049.5,1049.5,1049.5,0,0,0
2017-10-16 11:00:00.000000000,1508122800000000000,1049.5,1049.5,1049.5,1049.5,0,0,0
2017-10-16 13:00:00.000000000,1508130000000000000,1049.5,1049.5,1049.5,1049.5,0,0,0
2017-10-16 14:00:00.000000000,1508133600000000000,1049.5,1049.5,1049.5,1049.5,0,0,0
2017-10-16 21:00:00.000000000,1508158800000000000,1049.5,1049.5,1049.5,1049.5,0,0,0
2017-10-16 22:00:00.000000000,1508162400000000000,1049.5,1049.5,1049.5,1049.5,0,0,0
2017-10-16 23:00:00.000000000,1508166000000000000,1049.5,1049.5,1049.5,1049.5,0,0,0
2017-10-17 09:00:00.000000000,1508202000000000000,1049.5,1049.5,1049.5,1049.5,0,0,0
2017-10-17 10:00:00.000000000,1508205600000000000,1049.5,1049.5,1049.5,1049.5,0,0,0
2017-10-17 11:00:00.000000000,1508209200000000000,1049.5,1049.5,1049.5,1049.5,0,0,0
2017-10-17 13:00:00.000000000,1508216400000000000,1049.5,1049.5,1049.5,1049.5,0,0,0
2017-10-17 14:00:00.000000000,1508220000000000000,1049.5,1049.5,1049.5,1049.5,0,0,0
2017-10-17 21:00:00.000000000,1508245200000000000,1049.5,1049.5,1049.5,1049.5,0,0,0
2017-10-17 22:00:00.000000000,1508248800000000000,1049.5,1049.5,1049.5,1049.5,0,0,0
2017-10-17 23:00:00.000000000,1508252400000000000,1049.5,1049.5,1049.5,1049.5,0,0,0
2017-10-18 09:00:00.000000000,1508288400000000000,1049.5,1049.5,1049.5,1049.5,0,0,0
2017-10-18 10:00:00.000000000,1508292000000000000,1049.5,1049.5,1049.5,1049.5,0,0,0
2017-10-18 11:00:00.000000000,1508295600000000000,1049.5,1049.5,1049.5,1049.5,0,0,0
2017-10-18 13:00:00.000000000,1508302800000000000,1049.5,1049.5,1049.5,1049.5,0,0,0
2017-10-18 14:00:00.000000000,1508306400000000000,1049.5,1049.5,1049.5,1049.5,0,0,0
2017-10-18 21:00:00.000000000,1508331600000000000,1049.5,1049.5,1049.5,1049.5,0,0,0
2017-10-18 22:00:00.000000000,1508335200000000000,1049.5,1049.5,1049.5,1049.5,0,0,0
2017-10-18 23:00:00.000000000,1508338800000000000,1049.5,1049.5,1049.5,1049.5,0,0,0
2017-10-19 09:00:00.000000000,1508374800000000000,1049.5,1049.5,1049.5,1049.5,0,0,0
2017-10-19 10:00:00.000000000,1508378400000000000,1049.5,1049.5,1049.5,1049.5,0,0,0
2017-10-19 11:00:00.000000000,1508382000000000000,1049.5,1049.5,1049.5,1049.5,0,0,0
2017-10-19 13:00:00.000000000,1508389200000000000,1049.5,1049.5,1049.5,1049.5,0,0,0
2017-10-19 14:00:00.000000000,1508392800000000000,1049.5,1049.5,1049.5,1049.5,0,0,0
2017-10-19 21:00:00.000000000,1508418000000000000,1049.5,1049.5,1049.5,1049.5,0,0,0
2017-10-19 22:00:00.000000000,1508421600000000000,1049.5,1049.5,1049.5,1049.5,0,0,0
2017-10-19 23:00:00.000000000,1508425200000000000,1049.5,1049.5,1049.5,1049.5,0,0,0
2017-10-20 09:00:00.000000000,1508461200000000000,1049.5,1049.5,1049.5,1049.5,0,0,0
2017-10-20 10:00:00.000000000,1508464800000000000,1049.5,1049.5,1049.5,1049.5,0,0,0
2017-10-20 11:00:00.000000000,1508468400000000000,1049.5,1049.5,1049.5,1049.5,0,0,0
2017-10-20 13:00:00.000000000,1508475600000000000,1049.5,1049.5,1049.5,1049.5,0,0,0
2017-10-20 14:00:00.000000000,1508479200000000000,1049.5,1049.5,1049.5,1049.5,0,0,0
2017-10-20 21:00:00.000000000,1508504400000000000,1049.5,1128.5,1049.5,1128.5,6,0,1
2017-10-20 22:00:00.000000000,1508508000000000000,1128.5,1128.5,1128.5,1128.5,0,1,1
2017-10-20 23:00:00.000000000,1508511600000000000,1128.5,1128.5,1128.5,1128.5,0,1,1
2017-10-23 09:00:00.000000000,1508720400000000000,1128.5,1128.5,1128.5,1128.5,0,1,1
2017-10-23 10:00:00.000000000,1508724000000000000,1128.5,1128.5,1128.5,1128.5,0,1,1
2017-10-23 11:00:00.000000000,1508727600000000000,1128.5,1128.5,1128.5,1128.5,0,1,1
2017-10-23 13:00:00.000000000,1508734800000000000,1128.5,1128.5,1128.5,1128.5,0,1,1
2017-10-23 14:00:00.000000000,1508738400000000000,1128.5,1128.5,1128.5,1128.5,0,1,1
2017-10-23 21:00:00.000000000,1508763600000000000,1085.0,1085.0,1085.0,1085.0,1,1,0
2017-10-23 22:00:00.000000000,1508767200000000000,1085.0,1085.0,1085.0,1085.0,0,0,0
2017-10-23 23:00:00.000000000,1508770800000000000,1085.0,1085.0,1085.0,1085.0,0,0,0
2017-10-24 09:00:00.000000000,1508806800000000000,1085.0,1085.0,1085.0,1085.0,0,0,0
2017-10-24 10:00:00.000000000,1508810400000000000,1085.0,1085.0,1085.0,1085.0,0,0,0
2017-10-24 11:00:00.000000000,1508814000000000000,1085.0,1085.0,1085.0,1085.0,0,0,0
2017-10-24 13:00:00.000000000,1508821200000000000,1085.0,1085.0,1085.0,1085.0,0,0,0
2017-10-24 14:00:00.000000000,1508824800000000000,1085.0,1085.0,1085.0,1085.0,0,0,0
2017-10-24 21:00:00.000000000,1508850000000000000,1085.0,1085.0,1085.0,1085.0,0,0,0
2017-10-24 22:00:00.000000000,1508853600000000000,1085.0,1085.0,1085.0,1085.0,0,0,0
2017-10-24 23:00:00.000000000,1508857200000000000,1085.0,1085.0,1085.0,1085.0,0,0,0
2017-10-25 09:00:00.000000000,1508893200000000000,1085.0,1085.0,1085.0,1085.0,0,0,0
2017-10-25 10:00:00.000000000,1508896800000000000,1085.0,1085.0,1085.0,1085.0,0,0,0
2017-10-25 11:00:00.000000000,1508900400000000000,1085.0,1085.0,1085.0,1085.0,0,0,0
2017-10-25 13:00:00.000000000,1508907600000000000,1085.0,1085.0,1085.0,1085.0,0,0,0
2017-10-25 14:00:00.000000000,1508911200000000000,1085.0,1085.0,1085.0,1085.0,0,0,0
2017-10-25 21:00:00.000000000,1508936400000000000,1085.0,1085.0,1085.0,1085.0,0,0,0
2017-10-25 22:00:00.000000000,1508940000000000000,1085.0,1085.0,1085.0,1085.0,0,0,0
2017-10-25 23:00:00.000000000,1508943600000000000,1085.0,1085.0,1085.0,1085.0,0,0,0
2017-10-26 09:00:00.000000000,1508979600000000000,1085.0,1085.0,1085.0,1085.0,0,0,0
2017-10-26 10:00:00.000000000,1508983200000000000,1085.0,1085.0,1085.0,1085.0,0,0,0
2017-10-26 11:00:00.000000000,1508986800000000000,1085.0,1085.0,1085.0,1085.0,0,0,0
2017-10-26 13:00:00.000000000,1508994000000000000,1085.0,1085.0,1085.0,1085.0,0,0,0
2017-10-26 14:00:00.000000000,1508997600000000000,1085.0,1085.0,1085.0,1085.0,0,0,0
2017-10-26 21:00:00.000000000,1509022800000000000,1085.0,1085.0,1085.0,1085.0,0,0,0
2017-10-26 22:00:00.000000000,1509026400000000000,1129.0,1139.0,1070.0,1070.0,3,0,0
2017-10-26 23:00:00.000000000,1509030000000000000,1070.0,1070.0,1070.0,1070.0,0,0,0
2017-10-27 09:00:00.000000000,1509066000000000000,1070.0,1070.0,1070.0,1070.0,0,0,0
2017-10-27 10:00:00.000000000,1509069600000000000,1070.0,1070.0,1070.0,1070.0,0,0,0
2017-10-27 11:00:00.000000000,1509073200000000000,1070.0,1070.0,1070.0,1070.0,0,0,0
2017-10-27 13:00:00.000000000,1509080400000000000,1070.0,1070.0,1070.0,1070.0,0,0,0
2017-10-27 14:00:00.000000000,1509084000000000000,1070.0,1070.0,1070.0,1070.0,0,0,0
2017-10-27 21:00:00.000000000,1509109200000000000,1070.0,1070.0,1070.0,1070.0,0,0,0
2017-10-27 22:00:00.000000000,1509112800000000000,1070.0,1070.0,1070.0,1070.0,0,0,0
2017-10-27 23:00:00.000000000,1509116400000000000,1070.0,1070.0,1070.0,1070.0,0,0,0
2017-10-30 09:00:00.000000000,1509325200000000000,1070.0,1070.0,1070.0,1070.0,0,0,0
2017-10-30 10:00:00.000000000,1509328800000000000,1070.0,1070.0,1070.0,1070.0,0,0,0
2017-10-30 11:00:00.000000000,1509332400000000000,1070.0,1070.0,1070.0,1070.0,0,0,0
2017-10-30 13:00:00.000000000,1509339600000000000,1070.0,1070.0,1070.0,1070.0,0,0,0
2017-10-30 14:00:00.000000000,1509343200000000000,1112.5,1112.5,1112.5,1112.5,0,0,0
2017-10-30 21:00:00.000000000,1509368400000000000,1112.5,1112.5,1112.5,1112.5,0,0,0
2017-10-30 22:00:00.000000000,1509372000000000000,1112.5,1112.5,1112.5,1112.5,0,0,0
2017-10-30 23:00:00.000000000,1509375600000000000,1112.5,1112.5,1112.5,1112.5,0,0,0
2017-10-31 09:00:00.000000000,1509411600000000000,1112.5,1112.5,1112.5,1112.5,0,0,0
2017-10-31 10:00:00.000000000,1509415200000000000,1112.5,1112.5,1112.5,1112.5,0,0,0
2017-10-31 11:00:00.000000000,1509418800000000000,1112.5,1112.5,1112.5,1112.5,0,0,0
2017-10-31 13:00:00.000000000,1509426000000000000,1112.5,1112.5,1112.5,1112.5,0,0,0
2017-10-31 14:00:00.000000000,1509429600000000000,1112.5,1112.5,1112.5,1112.5,0,0,0
2017-10-31 21:00:00.000000000,1509454800000000000,1112.5,1112.5,1112.5,1112.5,0,0,0
2017-10-31 22:00:00.000000000,1509458400000000000,1112.5,1112.5,1112.5,1112.5,0,0,0
2017-10-31 23:00:00.000000000,1509462000000000000,1112.5,1112.5,1112.5,1112.5,0,0,0
2017-11-01 09:00:00.000000000,1509498000000000000,1112.5,1112.5,1112.5,1112.5,0,0,0
2017-11-01 10:00:00.000000000,1509501600000000000,1112.5,1112.5,1112.5,1112.5,0,0,0
2017-11-01 11:00:00.000000000,1509505200000000000,1112.5,1112.5,1112.5,1112.5,0,0,0
2017-11-01 13:00:00.000000000,1509512400000000000,1112.5,1112.5,1112.5,1112.5,0,0,0
2017-11-01 14:00:00.000000000,1509516000000000000,1112.5,1112.5,1112.5,1112.5,0,0,0
2017-11-01 21:00:00.000000000,1509541200000000000,1112.5,1112.5,1112.5,1112.5,0,0,0
2017-11-01 22:00:00.000000000,1509544800000000000,1112.5,1112.5,1112.5,1112.5,0,0,0
2017-11-01 23:00:00.000000000,1509548400000000000,1112.5,1112.5,1112.5,1112.5,0,0,0
2017-11-02 09:00:00.000000000,1509584400000000000,1112.5,1112.5,1112.5,1112.5,0,0,0
2017-11-02 10:00:00.000000000,1509588000000000000,1112.5,1112.5,1112.5,1112.5,0,0,0
2017-11-02 11:00:00.000000000,1509591600000000000,1112.5,1112.5,1112.5,1112.5,0,0,0
2017-11-02 13:00:00.000000000,1509598800000000000,1112.5,1112.5,1112.5,1112.5,0,0,0
2017-11-02 14:00:00.000000000,1509602400000000000,1112.5,1112.5,1112.5,1112.5,0,0,0
2017-11-02 21:00:00.000000000,1509627600000000000,1112.5,1112.5,1112.5,1112.5,0,0,0
2017-11-02 22:00:00.000000000,1509631200000000000,1112.5,1112.5,1112.5,1112.5,0,0,0
2017-11-02 23:00:00.000000000,1509634800000000000,1112.5,1112.5,1112.5,1112.5,0,0,0
2017-11-03 09:00:00.000000000,1509670800000000000,1112.5,1112.5,1112.5,1112.5,0,0,0
2017-11-03 10:00:00.000000000,1509674400000000000,1112.5,1112.5,1112.5,1112.5,0,0,0
2017-11-03 11:00:00.000000000,1509678000000000000,1112.5,1112.5,1112.5,1112.5,0,0,0
2017-11-03 13:00:00.000000000,1509685200000000000,1112.5,1112.5,1112.5,1112.5,0,0,0
2017-11-03 14:00:00.000000000,1509688800000000000,1112.5,1112.5,1112.5,1112.5,0,0,0
2017-11-03 21:00:00.000000000,1509714000000000000,1112.5,1112.5,1112.5,1112.5,0,0,0
2017-11-03 22:00:00.000000000,1509717600000000000,1112.5,1112.5,1112.5,1112.5,0,0,0
2017-11-03 23:00:00.000000000,1509721200000000000,1112.5,1112.5,1112.5,1112.5,0,0,0
2017-11-06 09:00:00.000000000,1509930000000000000,1112.5,1112.5,1112.5,1112.5,0,0,0
2017-11-06 10:00:00.000000000,1509933600000000000,1112.5,1112.5,1112.5,1112.5,0,0,0
2017-11-06 11:00:00.000000000,1509937200000000000,1112.5,1112.5,1112.5,1112.5,0,0,0
2017-11-06 13:00:00.000000000,1509944400000000000,1112.5,1112.5,1112.5,1112.5,0,0,0
2017-11-06 14:00:00.000000000,1509948000000000000,1112.5,1112.5,1112.5,1112.5,0,0,0
2017-11-06 21:00:00.000000000,1509973200000000000,1112.5,1112.5,1112.5,1112.5,0,0,0
2017-11-06 22:00:00.000000000,1509976800000000000,1112.5,1112.5,1112.5,1112.5,0,0,0
2017-11-06 23:00:00.000000000,1509980400000000000,1112.5,1112.5,1112.5,1112.5,0,0,0
2017-11-07 09:00:00.000000000,1510016400000000000,1112.5,1112.5,1112.5,1112.5,0,0,0
2017-11-07 10:00:00.000000000,1510020000000000000,1112.5,1112.5,1112.5,1112.5,0,0,0
2017-11-07 11:00:00.000000000,1510023600000000000,1112.5,1112.5,1112.5,1112.5,0,0,0
2017-11-07 13:00:00.000000000,1510030800000000000,1112.5,1112.5,1112.5,1112.5,0,0,0
2017-11-07 14:00:00.000000000,1510034400000000000,1112.5,1112.5,1112.5,1112.5,0,0,0
2017-11-07 21:00:00.000000000,1510059600000000000,1112.5,1112.5,1112.5,1112.5,0,0,0
2017-11-07 22:00:00.000000000,1510063200000000000,1112.5,1112.5,1112.5,1112.5,0,0,0
2017-11-07 23:00:00.000000000,1510066800000000000,1112.5,1112.5,1112.5,1112.5,0,0,0
2017-11-08 09:00:00.000000000,1510102800000000000,1112.5,1112.5,1112.5,1112.5,0,0,0
2017-11-08 10:00:00.000000000,1510106400000000000,1112.5,1112.5,1112.5,1112.5,0,0,0
2017-11-08 11:00:00.000000000,1510110000000000000,1112.5,1112.5,1112.5,1112.5,0,0,0
2017-11-08 13:00:00.000000000,1510117200000000000,1112.5,1112.5,1112.5,1112.5,0,0,0
2017-11-08 14:00:00.000000000,1510120800000000000,1112.5,1112.5,1112.5,1112.5,0,0,0
2017-11-08 21:00:00.000000000,1510146000000000000,1112.5,1112.5,1112.5,1112.5,0,0,0
2017-11-08 22:00:00.000000000,1510149600000000000,1112.5,1112.5,1112.5,1112.5,0,0,0
2017-11-08 23:00:00.000000000,1510153200000000000,1112.5,1112.5,1112.5,1112.5,0,0,0
2017-11-09 09:00:00.000000000,1510189200000000000,1112.5,1112.5,1112.5,1112.5,0,0,0
2017-11-09 10:00:00.000000000,1510192800000000000,1112.5,1112.5,1112.5,1112.5,0,0,0
2017-11-09 11:00:00.000000000,1510196400000000000,1112.5,1112.5,1112.5,1112.5,0,0,0
2017-11-09 13:00:00.000000000,1510203600000000000,1112.5,1112.5,1112.5,1112.5,0,0,0
2017-11-09 14:00:00.000000000,1510207200000000000,1112.5,1112.5,1112.5,1112.5,0,0,0
2017-11-09 21:00:00.000000000,1510232400000000000,1112.5,1112.5,1112.5,1112.5,0,0,0
2017-11-09 22:00:00.000000000,1510236000000000000,1112.5,1112.5,1112.5,1112.5,0,0,0
2017-11-09 23:00:00.000000000,1510239600000000000,1112.5,1112.5,1112.5,1112.5,0,0,0
2017-11-10 09:00:00.000000000,1510275600000000000,1112.5,1112.5,1112.5,1112.5,0,0,0
2017-11-10 10:00:00.000000000,1510279200000000000,1112.5,1112.5,1112.5,1112.5,0,0,0
2017-11-10 11:00:00.000000000,1510282800000000000,1112.5,1112.5,1112.5,1112.5,0,0,0
2017-11-10 13:00:00.000000000,1510290000000000000,1112.5,1112.5,1112.5,1112.5,0,0,0
2017-11-10 14:00:00.000000000,1510293600000000000,1112.5,1112.5,1112.5,1112.5,0,0,0
2017-11-10 21:00:00.000000000,1510318800000000000,1112.5,1112.5,1112.5,1112.5,0,0,0
2017-11-10 22:00:00.000000000,1510322400000000000,1112.5,1112.5,1112.5,1112.5,0,0,0
2017-11-10 23:00:00.000000000,1510326000000000000,1112.5,1112.5,1112.5,1112.5,0,0,0
2017-11-13 09:00:00.000000000,1510534800000000000,1112.5,1112.5,1112.5,1112.5,0,0,0
2017-11-13 10:00:00.000000000,1510538400000000000,1112.5,1112.5,1112.5,1112.5,0,0,0
2017-11-13 11:00:00.000000000,1510542000000000000,1112.5,1112.5,1112.5,1112.5,0,0,0
2017-11-13 13:00:00.000000000,1510549200000000000,1112.5,1112.5,1112.5,1112.5,0,0,0
2017-11-13 14:00:00.000000000,1510552800000000000,1112.5,1112.5,1112.5,1112.5,0,0,0
2017-11-13 21:00:00.000000000,1510578000000000000,1112.5,1112.5,1112.5,1112.5,0,0,0
2017-11-13 22:00:00.000000000,1510581600000000000,1112.5,1112.5,1112.5,1112.5,0,0,0
2017-11-13 23:00:00.000000000,1510585200000000000,1112.5,1112.5,1112.5,1112.5,0,0,0
2017-11-14 09:00:00.000000000,1510621200000000000,1112.5,1112.5,1112.5,1112.5,0,0,0
2017-11-14 10:00:00.000000000,1510624800000000000,1112.5,1112.5,1112.5,1112.5,0,0,0
2017-11-14 11:00:00.000000000,1510628400000000000,1112.5,1112.5,1112.5,1112.5,0,0,0
2017-11-14 13:00:00.000000000,1510635600000000000,1112.5,1112.5,1112.5,1112.5,0,0,0
2017-11-14 14:00:00.000000000,1510639200000000000,1112.5,1112.5,1112.5,1112.5,0,0,0
